36332
40955
48732
49151
61417
65023
63487
61174
64505
28923
28639
31487
24291
24508
30155
28031
31663
62876
60858
60823
63999
60190
48497
46559
40893
65311
62887
55295
48891
48605
57835
55039
63935
65517
40953
48631
49055
61159
64893
61436
61161
63991
32602
27771
31610
24575
24409
30200
27967
31733
63423
60903
60918
64095
60315
49103
46847
40815
65486
63195
55287
48887
48735
57847
55003
63823
65534
40889
48543
49008
60908
64671
61242
61439
63967
32682
28634
30622
24442
24564
30174
28158
32242
63487
60915
61302
64239
61207
48807
47063
40799
65019
63410
55151
49151
45015
57791
55283
63589
65015
40858
48503
49145
61426
65451
61147
61181
63967
32254
28574
30705
24573
22655
30311
28403
32079
63453
61025
61431
64382
61437
49087
47039
40956
65013
63419
55086
57739
44886
57739
55086
63419
65013
40956
47039
49087
61437
64382
61431
61025
63453
32079
28403
30311
22655
24573
30705
28574
32254
63967
61181
61147
65451
61426
49145
48503
40858
65015
63589
55283
57791
45015
49151
55151
63410
65019
40799
47063
48807
61207
64239
61302
60915
63487
32242
28158
30174
24564
24442
30622
28634
32682
63967
61439
61242
64671
60908
49008
48543
40889
65534
63823
55003
57847
48735
48887
55287
63195
65486
40815
46847
49103
60315
64095
60918
60903
63423
31733
27967

30200
24409
24575
31610
27771
32602
63991
61161
61436
64893
61159
49055
48631
40953
65517
63935
55039
57835
48605
48891
55295
62887
65311
40893
46559
48497
60190
63999
60823
60858
62876
31663
28031
30155
24508
24291
31487
28639
28923
64505
61174
63487
65023
61417
49151
48732
40955
36332
61439
55220
57343
48503
49087
55423
62974
65135
40719
46397
48599
60319
63940
61303
65503
62935
31740
32726
30719
24559
24558
31743
28645
28925
64507
61439
63779
65365
61439
48757
48983
38493
36351
61407
55259
57343
48639
49071
57308
62815
65469
36862
47095
48318
59899
63929
61176
65515
62837
31209
32731
30702
24573
24567
31293
28527
29183
64462
61303
63951
65515
61435
48843
49083
38641
36334
61439
55283
57296
48764
49149
57338
62363
65315
36606
46062
49150
59894
63660
61118
65278
62318
31159
32767
30398
24539
23807
31743
28479
29375
65159
61262
64251
65399
65279
48999
48877
38885
36857
61338
55257
57065
48114
48223
57277
62461
65135
36862
45950
48911
59627
65455
60895
64973
62463
31205
32737
30349
24502
23711
31615
28671
29396
65343
61429
64478
56959
65534
49151
49142
39119
36861
61308
56659
57029
47997
49150
56831
62431
65471
36855
45939
49149
61407
63423
60415
64746
62266
30707
32595
30715
23541
23854
31711
27375
29670
65519
61435
64435
57055
65533
57839
49151
39166
36863
61439
56573
57215
48105
49151
56798
62367
65257
36510
46026
49126
59380
63438
60410
64634
61818
30719
32381
30694
24431
24500
31984
27503
29815
65178
61375
64893
57149
61943
58205
49087
39421
36402
61395
56727
56831
48879
49151
57022
62207
65151
36843
46047
48952
59375
63191
59334
65439
61870
30703
32697
30572
24311
24383
32105
27583
29927
65375
61439
65023
57311
62199
58299
49151
39771
36583
61291
56955
57343
48886
49105
56959
62074
65516
36735
45811
48829
59068
63357
59371
64511
65527
30201
32734
28599
24287
24255
32159
27644
30101
29204
64111
65004
57953
62431
58211
49097
39726
36767
61439
57061
57151
48639
49092
56319
57263
65275
36476
40950
48107
58943
62974
59023
64447
65499
30205
32511
28383
24053
24363
32703
27563
32739
29363
64319
65135
58105
62427
58331
47284
39935
36443
65270
56303
57342
48943
48895
56280
57079
65195
36825
40767
47962
58787
62847
59381
64507
65215
30258
32687
28283
23999
24495
32767
27629
32767
29558
64463
65279
58320
62428
58357
47334
40423
36607
65502
57278
56422
48830
49004
56190
57146
65534
36703
40559
48106
58679
63487
58843
64493
64993
29567
32766
28055
24217
20779
32763
28013
32699
29215
64742
65471
58687
63214
59391
47469
40371
36799
65226
57334
56575
48983
47089
56253
57293
65211
36479
40415
47995
58574
63463
58877
64239
64948
29391
32639
27898
32759
20650
32759
27898
32639
29391
64948
64239
58877
63463
58574
47995
40415
36479
65211
57293
56253
47089
48983
56575
57334
65226
36799
40371
47469
59391
63214
58687
65471
64742
29215
32699
28013
32763
20779
24217
28055
32766
29567
64993
64493
58843
63487
58679
48106
40559
36703
65534
57146
56190
49004
48830
56422
57278
65502
36607
40423
47334
58357
62428
58320
65279
64463
29558
32767
27629
32767
24495
23999
28283
32687
30258
65215
64507
59381
62847
58787
47962
40767
36825
65195
57079

56280
48895
48943
57342
56303
65270
36443
39935
47284
58331
62427
58105
65135
64319
29363
32739
27563
32703
24363
24053
28383
32511
30205
65499
64447
59023
62974
58943
48107
40950
36476
65275
57263
56319
49092
48639
57151
57061
61439
36767
39726
49097
58211
62431
57953
65004
64111
29204
30101
27644
32159
24255
24287
28599
32734
30201
65527
64511
59371
63357
59068
48829
45811
36735
65516
62074
56959
49105
48886
57343
56955
61291
36583
39771
49151
58299
62199
57311
65023
61439
65375
29927
27583
32105
24383
24311
30572
32697
30703
61870
65439
59334
63191
59375
48952
46047
36843
65151
62207
57022
49151
48879
56831
56727
61395
36402
39421
49087
58205
61943
57149
64893
61375
65178
29815
27503
31984
24500
24431
30694
32381
30719
61818
64634
60410
63438
59380
49126
46026
36510
65257
62367
56798
49151
48105
57215
56573
61439
36863
39166
49151
57839
65533
57055
64435
61435
65519
29670
27375
31711
23854
23541
30715
32595
30707
62266
64746
60415
63423
61407
49149
45939
36855
65471
62431
56831
49150
47997
57029
56659
61308
36861
39119
49142
49151
65534
56959
64478
61429
65343
29396
28671
31615
23711
24502
30349
32737
31205
62463
64973
60895
65455
59627
48911
45950
36862
65135
62461
57277
48223
48114
57065
55257
61338
36857
38885
48877
48999
65279
65399
64251
61262
65159
29375
28479
31743
23807
24539
30398
32767
31159
62318
65278
61118
63660
59894
49150
46062
36606
65315
62363
57338
49149
48764
57296
55283
61439
36334
38641
49083
48843
61435
65515
63951
61303
64462
29183
28527
31293
24567
24573
30702
32731
31209
62837
65515
61176
63929
59899
48318
47095
36862
65469
62815
57308
49071
48639
57343
55259
61407
36351
38493
48983
48757
61439
65365
63779
61439
64507
28925
28645
31743
24558
24559
30719
32726
31740
62935
65503
61303
63940
60319
48599
46397
40719
65135
62974
55423
49087
48503
57343
55220
61439